Metric (key = "distance") {float {1.0}}
Metric (key = "angle") {float {1.0}}
Metric (key = "time") {float {1.0}}
Metric (key = "up") {string {"z"}}

GeometryNode $node1
{
	Name {string {"Rails.078"}}
	ObjectRef {ref {$geometry1}}
	MaterialRef (index = 0) {ref {$material1}}

	Transform
	{
		float[16]
		{
			{-0.5154533982276917, -4.506236805923436e-08, 0.0, 0.0,
			 8.742277657347586e-08, -1.0, -1.6292067073209182e-07, 0.0,
			 1.4242977592693676e-14, -1.6292067073209182e-07, 1.0, 0.0,
			 130.8040008544922, -1.3635541200637817, 2.4146242141723633, 1.0}
		}
	}
}

GeometryNode $node2
{
	Name {string {"Rails.077"}}
	ObjectRef {ref {$geometry2}}
	MaterialRef (index = 0) {ref {$material1}}

	Transform
	{
		float[16]
		{
			{-1.0, -8.742277657347586e-08, 0.0, 0.0,
			 8.742277657347586e-08, -1.0, -1.6292067073209182e-07, 0.0,
			 1.4242977592693676e-14, -1.6292067073209182e-07, 1.0, 0.0,
			 100.62467956542969, -1.161585807800293, 2.433900833129883, 1.0}
		}
	}
}

GeometryNode $node3
{
	Name {string {"Rails.076"}}
	ObjectRef {ref {$geometry3}}
	MaterialRef (index = 0) {ref {$material1}}

	Transform
	{
		float[16]
		{
			{-1.0, -8.742277657347586e-08, 0.0, 0.0,
			 8.742277657347586e-08, -1.0, -1.6292067073209182e-07, 0.0,
			 1.4242977592693676e-14, -1.6292067073209182e-07, 1.0, 0.0,
			 103.91300964355469, -1.1666879653930664, 2.4294605255126953, 1.0}
		}
	}
}

GeometryNode $node4
{
	Name {string {"Rails.075"}}
	ObjectRef {ref {$geometry4}}
	MaterialRef (index = 0) {ref {$material1}}

	Transform
	{
		float[16]
		{
			{-1.0, -8.742277657347586e-08, 0.0, 0.0,
			 8.742277657347586e-08, -1.0, -1.6292067073209182e-07, 0.0,
			 1.4242977592693676e-14, -1.6292067073209182e-07, 1.0, 0.0,
			 117.09133911132812, -2.0483579635620117, 1.4768290519714355, 1.0}
		}
	}
}

GeometryNode $node5
{
	Name {string {"Rails.074"}}
	ObjectRef {ref {$geometry5}}
	MaterialRef (index = 0) {ref {$material1}}

	Transform
	{
		float[16]
		{
			{-1.0, -8.742277657347586e-08, 0.0, 0.0,
			 8.742277657347586e-08, -1.0, -1.6292067073209182e-07, 0.0,
			 1.4242977592693676e-14, -1.6292067073209182e-07, 1.0, 0.0,
			 117.10581970214844, -2.051027774810791, 1.4892511367797852, 1.0}
		}
	}
}

GeometryNode $node6
{
	Name {string {"Rails.073"}}
	ObjectRef {ref {$geometry6}}
	MaterialRef (index = 0) {ref {$material1}}

	Transform
	{
		float[16]
		{
			{-1.0, -8.742277657347586e-08, 0.0, 0.0,
			 8.742277657347586e-08, -1.0, -1.6292067073209182e-07, 0.0,
			 1.4242977592693676e-14, -1.6292067073209182e-07, 1.0, 0.0,
			 129.96014404296875, -1.3426306247711182, 2.4147391319274902, 1.0}
		}
	}
}

GeometryNode $node7
{
	Name {string {"Rails.072"}}
	ObjectRef {ref {$geometry7}}
	MaterialRef (index = 0) {ref {$material1}}

	Transform
	{
		float[16]
		{
			{-1.0, -8.742277657347586e-08, 0.0, 0.0,
			 8.742277657347586e-08, -1.0, -1.6292067073209182e-07, 0.0,
			 1.4242977592693676e-14, -1.6292067073209182e-07, 1.0, 0.0,
			 126.67181396484375, -1.3375287055969238, 2.4191794395446777, 1.0}
		}
	}
}

GeometryNode $node8
{
	Name {string {"Rails.071"}}
	ObjectRef {ref {$geometry8}}
	MaterialRef (index = 0) {ref {$material1}}

	Transform
	{
		float[16]
		{
			{-1.0, -8.742277657347586e-08, 0.0, 0.0,
			 8.742277657347586e-08, -1.0, -1.6292067073209182e-07, 0.0,
			 1.4242977592693676e-14, -1.6292067073209182e-07, 1.0, 0.0,
			 126.68096923828125, -1.3398244380950928, 2.4005303382873535, 1.0}
		}
	}
}

GeometryNode $node9
{
	Name {string {"Rails.070"}}
	ObjectRef {ref {$geometry9}}
	MaterialRef (index = 0) {ref {$material1}}

	Transform
	{
		float[16]
		{
			{-1.0, -8.742277657347586e-08, 0.0, 0.0,
			 8.742277657347586e-08, -1.0, -1.6292067073209182e-07, 0.0,
			 1.4242977592693676e-14, -1.6292067073209182e-07, 1.0, 0.0,
			 123.69789123535156, -2.7010931968688965, 2.2546677589416504, 1.0}
		}
	}
}

GeometryNode $node10
{
	Name {string {"Rails.069"}}
	ObjectRef {ref {$geometry10}}
	MaterialRef (index = 0) {ref {$material1}}

	Transform
	{
		float[16]
		{
			{-1.0, -8.742277657347586e-08, 0.0, 0.0,
			 8.742277657347586e-08, -1.0, -1.6292067073209182e-07, 0.0,
			 1.4242977592693676e-14, -1.6292067073209182e-07, 1.0, 0.0,
			 120.50457763671875, -2.508443832397461, 1.8996449708938599, 1.0}
		}
	}
}

GeometryNode $node11
{
	Name {string {"Rails.068"}}
	ObjectRef {ref {$geometry11}}
	MaterialRef (index = 0) {ref {$material1}}

	Transform
	{
		float[16]
		{
			{-1.0, -8.742277657347586e-08, 0.0, 0.0,
			 8.742277657347586e-08, -1.0, -1.6292067073209182e-07, 0.0,
			 1.4242977592693676e-14, -1.6292067073209182e-07, 1.0, 0.0,
			 117.09133911132812, -2.0483579635620117, 1.4768290519714355, 1.0}
		}
	}
}

CameraNode $node12
{
	Name {string {"Camera.006"}}
	ObjectRef {ref {$camera1}}

	Transform
	{
		float[16]
		{
			{0.6858805418014526, 0.7276337742805481, -0.010816780850291252, 0.0,
			 -0.31737011671066284, 0.31246861815452576, 0.8953432440757751, 0.0,
			 0.6548618674278259, -0.6106656193733215, 0.4452453553676605, 0.0,
			 59.37944412231445, -2.480574607849121, 0.5703846216201782, 1.0}
		}
	}
}

LightNode $node13
{
	Name {string {"Lamp.005"}}
	ObjectRef {ref {$light1}}

	Transform
	{
		float[16]
		{
			{-0.29086464643478394, 0.9551711678504944, -0.05518905818462372, 0.0,
			 -0.7711008191108704, -0.1998833566904068, 0.6045247316360474, 0.0,
			 0.5663931965827942, 0.21839119493961334, 0.7946722507476807, 0.0,
			 55.97455978393555, 5.0325188636779785, 1.1305814981460571, 1.0}
		}
	}
}

GeometryNode $node14
{
	Name {string {"Rails.067"}}
	ObjectRef {ref {$geometry12}}
	MaterialRef (index = 0) {ref {$material1}}

	Transform
	{
		float[16]
		{
			{-1.0, -8.742277657347586e-08, 0.0, 0.0,
			 8.742277657347586e-08, -1.0, -1.6292067073209182e-07, 0.0,
			 1.4242977592693676e-14, -1.6292067073209182e-07, 1.0, 0.0,
			 84.48343658447266, -1.8257631063461304, 1.4965757131576538, 1.0}
		}
	}
}

GeometryNode $node15
{
	Name {string {"Rails.066"}}
	ObjectRef {ref {$geometry13}}
	MaterialRef (index = 0) {ref {$material1}}

	Transform
	{
		float[16]
		{
			{-1.0, -8.742277657347586e-08, 0.0, 0.0,
			 8.742277657347586e-08, -1.0, -1.6292067073209182e-07, 0.0,
			 1.4242977592693676e-14, -1.6292067073209182e-07, 1.0, 0.0,
			 87.89667510986328, -2.285849094390869, 1.9193917512893677, 1.0}
		}
	}
}

GeometryNode $node16
{
	Name {string {"Rails.065"}}
	ObjectRef {ref {$geometry14}}
	MaterialRef (index = 0) {ref {$material1}}

	Transform
	{
		float[16]
		{
			{-1.0, -8.742277657347586e-08, 0.0, 0.0,
			 8.742277657347586e-08, -1.0, -1.6292067073209182e-07, 0.0,
			 1.4242977592693676e-14, -1.6292067073209182e-07, 1.0, 0.0,
			 91.0899887084961, -2.4784984588623047, 2.274414539337158, 1.0}
		}
	}
}

GeometryNode $node17
{
	Name {string {"Rails.064"}}
	ObjectRef {ref {$geometry15}}
	MaterialRef (index = 0) {ref {$material1}}

	Transform
	{
		float[16]
		{
			{-1.0, -8.742277657347586e-08, 0.0, 0.0,
			 8.742277657347586e-08, -1.0, -1.6292067073209182e-07, 0.0,
			 1.4242977592693676e-14, -1.6292067073209182e-07, 1.0, 0.0,
			 94.07306671142578, -1.1172295808792114, 2.4202771186828613, 1.0}
		}
	}
}

GeometryNode $node18
{
	Name {string {"Rails.063"}}
	ObjectRef {ref {$geometry16}}
	MaterialRef (index = 0) {ref {$material1}}

	Transform
	{
		float[16]
		{
			{-1.0, -8.742277657347586e-08, 0.0, 0.0,
			 8.742277657347586e-08, -1.0, -1.6292067073209182e-07, 0.0,
			 1.4242977592693676e-14, -1.6292067073209182e-07, 1.0, 0.0,
			 94.06391143798828, -1.1149338483810425, 2.4389262199401855, 1.0}
		}
	}
}

GeometryNode $node19
{
	Name {string {"Rails.062"}}
	ObjectRef {ref {$geometry17}}
	MaterialRef (index = 0) {ref {$material1}}

	Transform
	{
		float[16]
		{
			{-1.0, -8.742277657347586e-08, 0.0, 0.0,
			 8.742277657347586e-08, -1.0, -1.6292067073209182e-07, 0.0,
			 1.4242977592693676e-14, -1.6292067073209182e-07, 1.0, 0.0,
			 97.35224151611328, -1.1200357675552368, 2.434485912322998, 1.0}
		}
	}
}

GeometryNode $node20
{
	Name {string {"Rails.061"}}
	ObjectRef {ref {$geometry18}}
	MaterialRef (index = 0) {ref {$material1}}

	Transform
	{
		float[16]
		{
			{-1.0, -8.742277657347586e-08, 0.0, 0.0,
			 8.742277657347586e-08, -1.0, -1.6292067073209182e-07, 0.0,
			 1.4242977592693676e-14, -1.6292067073209182e-07, 1.0, 0.0,
			 84.49791717529297, -1.8284329175949097, 1.5089977979660034, 1.0}
		}
	}
}

GeometryNode $node21
{
	Name {string {"Rails.060"}}
	ObjectRef {ref {$geometry19}}
	MaterialRef (index = 0) {ref {$material1}}

	Transform
	{
		float[16]
		{
			{-1.0, -8.742277657347586e-08, 0.0, 0.0,
			 8.742277657347586e-08, -1.0, -1.6292067073209182e-07, 0.0,
			 1.4242977592693676e-14, -1.6292067073209182e-07, 1.0, 0.0,
			 84.48343658447266, -1.8257631063461304, 1.4965757131576538, 1.0}
		}
	}
}

GeometryNode $node22
{
	Name {string {"Rails.059"}}
	ObjectRef {ref {$geometry20}}
	MaterialRef (index = 0) {ref {$material1}}

	Transform
	{
		float[16]
		{
			{-1.0, -8.742277657347586e-08, 0.0, 0.0,
			 8.742277657347586e-08, -1.0, -1.6292067073209182e-07, 0.0,
			 1.4242977592693676e-14, -1.6292067073209182e-07, 1.0, 0.0,
			 58.436309814453125, -1.6498199701309204, 1.5112968683242798, 1.0}
		}
	}
}

GeometryNode $node23
{
	Name {string {"Rails.058"}}
	ObjectRef {ref {$geometry21}}
	MaterialRef (index = 0) {ref {$material1}}

	Transform
	{
		float[16]
		{
			{-1.0, -8.742277657347586e-08, 0.0, 0.0,
			 8.742277657347586e-08, -1.0, -1.6292067073209182e-07, 0.0,
			 1.4242977592693676e-14, -1.6292067073209182e-07, 1.0, 0.0,
			 58.45078659057617, -1.6524897813796997, 1.5237194299697876, 1.0}
		}
	}
}

GeometryNode $node24
{
	Name {string {"Rails.057"}}
	ObjectRef {ref {$geometry22}}
	MaterialRef (index = 0) {ref {$material1}}

	Transform
	{
		float[16]
		{
			{-1.0, -8.742277657347586e-08, 0.0, 0.0,
			 8.742277657347586e-08, -1.0, -1.6292067073209182e-07, 0.0,
			 1.4242977592693676e-14, -1.6292067073209182e-07, 1.0, 0.0,
			 71.30510711669922, -0.9440929889678955, 2.449207305908203, 1.0}
		}
	}
}

GeometryNode $node25
{
	Name {string {"Rails.056"}}
	ObjectRef {ref {$geometry23}}
	MaterialRef (index = 0) {ref {$material1}}

	Transform
	{
		float[16]
		{
			{-1.0, -8.742277657347586e-08, 0.0, 0.0,
			 8.742277657347586e-08, -1.0, -1.6292067073209182e-07, 0.0,
			 1.4242977592693676e-14, -1.6292067073209182e-07, 1.0, 0.0,
			 68.01677703857422, -0.9389908313751221, 2.4536476135253906, 1.0}
		}
	}
}

GeometryNode $node26
{
	Name {string {"Rails.055"}}
	ObjectRef {ref {$geometry24}}
	MaterialRef (index = 0) {ref {$material1}}

	Transform
	{
		float[16]
		{
			{-1.0, -8.742277657347586e-08, 0.0, 0.0,
			 8.742277657347586e-08, -1.0, -1.6292067073209182e-07, 0.0,
			 1.4242977592693676e-14, -1.6292067073209182e-07, 1.0, 0.0,
			 68.02594757080078, -0.9412863254547119, 2.4349985122680664, 1.0}
		}
	}
}

GeometryNode $node27
{
	Name {string {"Rails.054"}}
	ObjectRef {ref {$geometry25}}
	MaterialRef (index = 0) {ref {$material1}}

	Transform
	{
		float[16]
		{
			{-1.0, -8.742277657347586e-08, 0.0, 0.0,
			 8.742277657347586e-08, -1.0, -1.6292067073209182e-07, 0.0,
			 1.4242977592693676e-14, -1.6292067073209182e-07, 1.0, 0.0,
			 65.04285430908203, -2.3025550842285156, 2.2891359329223633, 1.0}
		}
	}
}

GeometryNode $node28
{
	Name {string {"Rails.053"}}
	ObjectRef {ref {$geometry26}}
	MaterialRef (index = 0) {ref {$material1}}

	Transform
	{
		float[16]
		{
			{-1.0, -8.742277657347586e-08, 0.0, 0.0,
			 8.742277657347586e-08, -1.0, -1.6292067073209182e-07, 0.0,
			 1.4242977592693676e-14, -1.6292067073209182e-07, 1.0, 0.0,
			 61.849544525146484, -2.10990571975708, 1.9341131448745728, 1.0}
		}
	}
}

GeometryNode $node29
{
	Name {string {"Rails.052"}}
	ObjectRef {ref {$geometry27}}
	MaterialRef (index = 0) {ref {$material1}}

	Transform
	{
		float[16]
		{
			{-1.0, -8.742277657347586e-08, 0.0, 0.0,
			 8.742277657347586e-08, -1.0, -1.6292067073209182e-07, 0.0,
			 1.4242977592693676e-14, -1.6292067073209182e-07, 1.0, 0.0,
			 58.436309814453125, -1.6498199701309204, 1.5112968683242798, 1.0}
		}
	}
}

GeometryNode $node30
{
	Name {string {"Rails.051"}}
	ObjectRef {ref {$geometry28}}
	MaterialRef (index = 0) {ref {$material1}}

	Transform
	{
		float[16]
		{
			{-1.0, -8.742277657347586e-08, 0.0, 0.0,
			 8.742277657347586e-08, -1.0, -1.6292067073209182e-07, 0.0,
			 1.4242977592693676e-14, -1.6292067073209182e-07, 1.0, 0.0,
			 32.39226531982422, -1.475284218788147, 1.5257402658462524, 1.0}
		}
	}
}

GeometryNode $node31
{
	Name {string {"Rails.050"}}
	ObjectRef {ref {$geometry29}}
	MaterialRef (index = 0) {ref {$material1}}

	Transform
	{
		float[16]
		{
			{-1.0, -8.742277657347586e-08, 0.0, 0.0,
			 8.742277657347586e-08, -1.0, -1.6292067073209182e-07, 0.0,
			 1.4242977592693676e-14, -1.6292067073209182e-07, 1.0, 0.0,
			 35.805503845214844, -1.935369849205017, 1.9485567808151245, 1.0}
		}
	}
}

GeometryNode $node32
{
	Name {string {"Rails.049"}}
	ObjectRef {ref {$geometry30}}
	MaterialRef (index = 0) {ref {$material1}}

	Transform
	{
		float[16]
		{
			{-1.0, -8.742277657347586e-08, 0.0, 0.0,
			 8.742277657347586e-08, -1.0, -1.6292067073209182e-07, 0.0,
			 1.4242977592693676e-14, -1.6292067073209182e-07, 1.0, 0.0,
			 38.998817443847656, -2.128019332885742, 2.303579807281494, 1.0}
		}
	}
}

GeometryNode $node33
{
	Name {string {"Rails.048"}}
	ObjectRef {ref {$geometry31}}
	MaterialRef (index = 0) {ref {$material1}}

	Transform
	{
		float[16]
		{
			{-1.0, -8.742277657347586e-08, 0.0, 0.0,
			 8.742277657347586e-08, -1.0, -1.6292067073209182e-07, 0.0,
			 1.4242977592693676e-14, -1.6292067073209182e-07, 1.0, 0.0,
			 41.981903076171875, -0.7667503952980042, 2.4494423866271973, 1.0}
		}
	}
}

GeometryNode $node34
{
	Name {string {"Rails.047"}}
	ObjectRef {ref {$geometry32}}
	MaterialRef (index = 0) {ref {$material1}}

	Transform
	{
		float[16]
		{
			{-1.0, -8.742277657347586e-08, 0.0, 0.0,
			 8.742277657347586e-08, -1.0, -1.6292067073209182e-07, 0.0,
			 1.4242977592693676e-14, -1.6292067073209182e-07, 1.0, 0.0,
			 41.97273254394531, -0.7644549012184143, 2.4680914878845215, 1.0}
		}
	}
}

GeometryNode $node35
{
	Name {string {"Rails.046"}}
	ObjectRef {ref {$geometry33}}
	MaterialRef (index = 0) {ref {$material1}}

	Transform
	{
		float[16]
		{
			{-1.0, -8.742277657347586e-08, 0.0, 0.0,
			 8.742277657347586e-08, -1.0, -1.6292067073209182e-07, 0.0,
			 1.4242977592693676e-14, -1.6292067073209182e-07, 1.0, 0.0,
			 45.26106643676758, -0.7695570588111877, 2.463651180267334, 1.0}
		}
	}
}

GeometryNode $node36
{
	Name {string {"Rails.045"}}
	ObjectRef {ref {$geometry34}}
	MaterialRef (index = 0) {ref {$material1}}

	Transform
	{
		float[16]
		{
			{-1.0, -8.742277657347586e-08, 0.0, 0.0,
			 8.742277657347586e-08, -1.0, -1.6292067073209182e-07, 0.0,
			 1.4242977592693676e-14, -1.6292067073209182e-07, 1.0, 0.0,
			 32.40674591064453, -1.4779540300369263, 1.5381628274917603, 1.0}
		}
	}
}

GeometryNode $node37
{
	Name {string {"Rails.044"}}
	ObjectRef {ref {$geometry35}}
	MaterialRef (index = 0) {ref {$material1}}

	Transform
	{
		float[16]
		{
			{-1.0, -8.742277657347586e-08, 0.0, 0.0,
			 8.742277657347586e-08, -1.0, -1.6292067073209182e-07, 0.0,
			 1.4242977592693676e-14, -1.6292067073209182e-07, 1.0, 0.0,
			 32.39226531982422, -1.475284218788147, 1.5257402658462524, 1.0}
		}
	}
}

LightNode $node38
{
	Name {string {"Lamp.004"}}
	ObjectRef {ref {$light2}}

	Transform
	{
		float[16]
		{
			{-0.29086464643478394, 0.9551711678504944, -0.05518905818462372, 0.0,
			 -0.7711008191108704, -0.1998833566904068, 0.6045247316360474, 0.0,
			 0.5663931965827942, 0.21839119493961334, 0.7946722507476807, 0.0,
			 29.93051528930664, 5.207055568695068, 1.1450248956680298, 1.0}
		}
	}
}

CameraNode $node39
{
	Name {string {"Camera.005"}}
	ObjectRef {ref {$camera2}}

	Transform
	{
		float[16]
		{
			{0.6858805418014526, 0.7276337742805481, -0.010816780850291252, 0.0,
			 -0.31737011671066284, 0.31246861815452576, 0.8953432440757751, 0.0,
			 0.6548618674278259, -0.6106656193733215, 0.4452453553676605, 0.0,
			 33.33540344238281, -2.3060388565063477, 0.5848281383514404, 1.0}
		}
	}
}

GeometryNode $node40
{
	Name {string {"Rails.043"}}
	ObjectRef {ref {$geometry36}}
	MaterialRef (index = 0) {ref {$material1}}

	Transform
	{
		float[16]
		{
			{-1.0, -8.742277657347586e-08, 0.0, 0.0,
			 8.742277657347586e-08, -1.0, -1.6292067073209182e-07, 0.0,
			 1.4242977592693676e-14, -1.6292067073209182e-07, 1.0, 0.0,
			 19.200931549072266, -0.592495858669281, 2.4745421409606934, 1.0}
		}
	}
}

GeometryNode $node41
{
	Name {string {"Rails.042"}}
	ObjectRef {ref {$geometry37}}
	MaterialRef (index = 0) {ref {$material1}}

	Transform
	{
		float[16]
		{
			{-1.1284030675888062, -9.864812966497993e-08, 0.0, 0.0,
			 8.742277657347586e-08, -1.0, -1.6292067073209182e-07, 0.0,
			 1.4242977592693676e-14, -1.6292067073209182e-07, 1.0, 0.0,
			 -110.42849731445312, -0.5072852969169617, 1.5867069959640503, 1.0}
		}
	}
}

GeometryNode $node42
{
	Name {string {"Rails.041"}}
	ObjectRef {ref {$geometry38}}
	MaterialRef (index = 0) {ref {$material1}}

	Transform
	{
		float[16]
		{
			{-1.1284030675888062, -9.864812966497993e-08, 0.0, 0.0,
			 8.742277657347586e-08, -1.0, -1.6292067073209182e-07, 0.0,
			 1.4242977592693676e-14, -1.6292067073209182e-07, 1.0, 0.0,
			 -110.41216278076172, -0.509955108165741, 1.599129557609558, 1.0}
		}
	}
}

GeometryNode $node43
{
	Name {string {"Rails.040"}}
	ObjectRef {ref {$geometry39}}
	MaterialRef (index = 0) {ref {$material1}}

	Transform
	{
		float[16]
		{
			{-1.1284030675888062, -9.864812966497993e-08, 0.0, 0.0,
			 8.742277657347586e-08, -1.0, -1.6292067073209182e-07, 0.0,
			 1.4242977592693676e-14, -1.6292067073209182e-07, 1.0, 0.0,
			 -110.42849731445312, -0.5072852969169617, 1.5867069959640503, 1.0}
		}
	}
}

CameraNode $node44
{
	Name {string {"Camera.004"}}
	ObjectRef {ref {$camera3}}

	Transform
	{
		float[16]
		{
			{0.6858805418014526, 0.7276337742805481, -0.010816780850291252, 0.0,
			 -0.31737011671066284, 0.31246861815452576, 0.8953432440757751, 0.0,
			 0.6548618674278259, -0.6106656193733215, 0.4452453553676605, 0.0,
			 -100.19914245605469, -1.4056237936019897, 0.6606935858726501, 1.0}
		}
	}
}

LightNode $node45
{
	Name {string {"Lamp.003"}}
	ObjectRef {ref {$light3}}

	Transform
	{
		float[16]
		{
			{-0.29086464643478394, 0.9551711678504944, -0.05518905818462372, 0.0,
			 -0.7711008191108704, -0.1998833566904068, 0.6045247316360474, 0.0,
			 0.5663931965827942, 0.21839119493961334, 0.7946722507476807, 0.0,
			 -103.6040267944336, 6.1074700355529785, 1.2208905220031738, 1.0}
		}
	}
}

GeometryNode $node46
{
	Name {string {"Rails.039"}}
	ObjectRef {ref {$geometry40}}
	MaterialRef (index = 0) {ref {$material1}}

	Transform
	{
		float[16]
		{
			{-1.0, -8.742277657347586e-08, 0.0, 0.0,
			 8.742277657347586e-08, -1.0, -1.6292067073209182e-07, 0.0,
			 1.4242977592693676e-14, -1.6292067073209182e-07, 1.0, 0.0,
			 -101.14228057861328, -0.5748691558837891, 1.6016058921813965, 1.0}
		}
	}
}

GeometryNode $node47
{
	Name {string {"Rails.038"}}
	ObjectRef {ref {$geometry41}}
	MaterialRef (index = 0) {ref {$material1}}

	Transform
	{
		float[16]
		{
			{-1.0, -8.742277657347586e-08, 0.0, 0.0,
			 8.742277657347586e-08, -1.0, -1.6292067073209182e-07, 0.0,
			 1.4242977592693676e-14, -1.6292067073209182e-07, 1.0, 0.0,
			 -101.12779998779297, -0.5775389671325684, 1.6140284538269043, 1.0}
		}
	}
}

GeometryNode $node48
{
	Name {string {"Rails.037"}}
	ObjectRef {ref {$geometry42}}
	MaterialRef (index = 0) {ref {$material1}}

	Transform
	{
		float[16]
		{
			{-1.0, -8.742277657347586e-08, 0.0, 0.0,
			 8.742277657347586e-08, -1.0, -1.6292067073209182e-07, 0.0,
			 1.4242977592693676e-14, -1.6292067073209182e-07, 1.0, 0.0,
			 -88.27347564697266, 0.13085797429084778, 2.5395169258117676, 1.0}
		}
	}
}

GeometryNode $node49
{
	Name {string {"Rails.036"}}
	ObjectRef {ref {$geometry43}}
	MaterialRef (index = 0) {ref {$material1}}

	Transform
	{
		float[16]
		{
			{-1.0, -8.742277657347586e-08, 0.0, 0.0,
			 8.742277657347586e-08, -1.0, -1.6292067073209182e-07, 0.0,
			 1.4242977592693676e-14, -1.6292067073209182e-07, 1.0, 0.0,
			 -91.56181335449219, 0.13596013188362122, 2.543957233428955, 1.0}
		}
	}
}

GeometryNode $node50
{
	Name {string {"Rails.035"}}
	ObjectRef {ref {$geometry44}}
	MaterialRef (index = 0) {ref {$material1}}

	Transform
	{
		float[16]
		{
			{-1.0, -8.742277657347586e-08, 0.0, 0.0,
			 8.742277657347586e-08, -1.0, -1.6292067073209182e-07, 0.0,
			 1.4242977592693676e-14, -1.6292067073209182e-07, 1.0, 0.0,
			 -91.55264282226562, 0.13366463780403137, 2.525308132171631, 1.0}
		}
	}
}

GeometryNode $node51
{
	Name {string {"Rails.034"}}
	ObjectRef {ref {$geometry45}}
	MaterialRef (index = 0) {ref {$material1}}

	Transform
	{
		float[16]
		{
			{-1.0, -8.742277657347586e-08, 0.0, 0.0,
			 8.742277657347586e-08, -1.0, -1.6292067073209182e-07, 0.0,
			 1.4242977592693676e-14, -1.6292067073209182e-07, 1.0, 0.0,
			 -94.53572845458984, -1.2276042699813843, 2.3794455528259277, 1.0}
		}
	}
}

GeometryNode $node52
{
	Name {string {"Rails.033"}}
	ObjectRef {ref {$geometry46}}
	MaterialRef (index = 0) {ref {$material1}}

	Transform
	{
		float[16]
		{
			{-1.0, -8.742277657347586e-08, 0.0, 0.0,
			 8.742277657347586e-08, -1.0, -1.6292067073209182e-07, 0.0,
			 1.4242977592693676e-14, -1.6292067073209182e-07, 1.0, 0.0,
			 -97.72904205322266, -1.0349549055099487, 2.0244226455688477, 1.0}
		}
	}
}

GeometryNode $node53
{
	Name {string {"Rails.032"}}
	ObjectRef {ref {$geometry47}}
	MaterialRef (index = 0) {ref {$material1}}

	Transform
	{
		float[16]
		{
			{-1.0, -8.742277657347586e-08, 0.0, 0.0,
			 8.742277657347586e-08, -1.0, -1.6292067073209182e-07, 0.0,
			 1.4242977592693676e-14, -1.6292067073209182e-07, 1.0, 0.0,
			 -101.14228057861328, -0.5748691558837891, 1.6016058921813965, 1.0}
		}
	}
}

GeometryNode $node54
{
	Name {string {"Rails.031"}}
	ObjectRef {ref {$geometry48}}
	MaterialRef (index = 0) {ref {$material1}}

	Transform
	{
		float[16]
		{
			{-1.0, -8.742277657347586e-08, 0.0, 0.0,
			 8.742277657347586e-08, -1.0, -1.6292067073209182e-07, 0.0,
			 1.4242977592693676e-14, -1.6292067073209182e-07, 1.0, 0.0,
			 -75.09087371826172, -0.7537112832069397, 1.5886355638504028, 1.0}
		}
	}
}

GeometryNode $node55
{
	Name {string {"Rails.030"}}
	ObjectRef {ref {$geometry49}}
	MaterialRef (index = 0) {ref {$material1}}

	Transform
	{
		float[16]
		{
			{-1.0, -8.742277657347586e-08, 0.0, 0.0,
			 8.742277657347586e-08, -1.0, -1.6292067073209182e-07, 0.0,
			 1.4242977592693676e-14, -1.6292067073209182e-07, 1.0, 0.0,
			 -71.6776351928711, -1.2137970924377441, 2.0114521980285645, 1.0}
		}
	}
}

GeometryNode $node56
{
	Name {string {"Rails.029"}}
	ObjectRef {ref {$geometry50}}
	MaterialRef (index = 0) {ref {$material1}}

	Transform
	{
		float[16]
		{
			{-1.0, -8.742277657347586e-08, 0.0, 0.0,
			 8.742277657347586e-08, -1.0, -1.6292067073209182e-07, 0.0,
			 1.4242977592693676e-14, -1.6292067073209182e-07, 1.0, 0.0,
			 -68.48432159423828, -1.4064464569091797, 2.3664751052856445, 1.0}
		}
	}
}

GeometryNode $node57
{
	Name {string {"Rails.028"}}
	ObjectRef {ref {$geometry51}}
	MaterialRef (index = 0) {ref {$material1}}

	Transform
	{
		float[16]
		{
			{-1.0, -8.742277657347586e-08, 0.0, 0.0,
			 8.742277657347586e-08, -1.0, -1.6292067073209182e-07, 0.0,
			 1.4242977592693676e-14, -1.6292067073209182e-07, 1.0, 0.0,
			 -65.50123596191406, -0.04517749696969986, 2.5123376846313477, 1.0}
		}
	}
}

GeometryNode $node58
{
	Name {string {"Rails.027"}}
	ObjectRef {ref {$geometry52}}
	MaterialRef (index = 0) {ref {$material1}}

	Transform
	{
		float[16]
		{
			{-1.0, -8.742277657347586e-08, 0.0, 0.0,
			 8.742277657347586e-08, -1.0, -1.6292067073209182e-07, 0.0,
			 1.4242977592693676e-14, -1.6292067073209182e-07, 1.0, 0.0,
			 -65.51040649414062, -0.042882002890110016, 2.530986785888672, 1.0}
		}
	}
}

GeometryNode $node59
{
	Name {string {"Rails.026"}}
	ObjectRef {ref {$geometry53}}
	MaterialRef (index = 0) {ref {$material1}}

	Transform
	{
		float[16]
		{
			{-1.0, -8.742277657347586e-08, 0.0, 0.0,
			 8.742277657347586e-08, -1.0, -1.6292067073209182e-07, 0.0,
			 1.4242977592693676e-14, -1.6292067073209182e-07, 1.0, 0.0,
			 -62.222068786621094, -0.04798416048288345, 2.5265464782714844, 1.0}
		}
	}
}

GeometryNode $node60
{
	Name {string {"Rails.025"}}
	ObjectRef {ref {$geometry54}}
	MaterialRef (index = 0) {ref {$material1}}

	Transform
	{
		float[16]
		{
			{-1.0, -8.742277657347586e-08, 0.0, 0.0,
			 8.742277657347586e-08, -1.0, -1.6292067073209182e-07, 0.0,
			 1.4242977592693676e-14, -1.6292067073209182e-07, 1.0, 0.0,
			 -75.0763931274414, -0.756381094455719, 1.6010581254959106, 1.0}
		}
	}
}

GeometryNode $node61
{
	Name {string {"Rails.024"}}
	ObjectRef {ref {$geometry55}}
	MaterialRef (index = 0) {ref {$material1}}

	Transform
	{
		float[16]
		{
			{-1.0, -8.742277657347586e-08, 0.0, 0.0,
			 8.742277657347586e-08, -1.0, -1.6292067073209182e-07, 0.0,
			 1.4242977592693676e-14, -1.6292067073209182e-07, 1.0, 0.0,
			 -75.09087371826172, -0.7537112832069397, 1.5886355638504028, 1.0}
		}
	}
}

LightNode $node62
{
	Name {string {"Lamp.002"}}
	ObjectRef {ref {$light4}}

	Transform
	{
		float[16]
		{
			{-0.29086464643478394, 0.9551711678504944, -0.05518905818462372, 0.0,
			 -0.7711008191108704, -0.1998833566904068, 0.6045247316360474, 0.0,
			 0.5663931965827942, 0.21839119493961334, 0.7946722507476807, 0.0,
			 -77.55261993408203, 5.928627967834473, 1.2079201936721802, 1.0}
		}
	}
}

CameraNode $node63
{
	Name {string {"Camera.003"}}
	ObjectRef {ref {$camera4}}

	Transform
	{
		float[16]
		{
			{0.6858805418014526, 0.7276337742805481, -0.010816780850291252, 0.0,
			 -0.31737011671066284, 0.31246861815452576, 0.8953432440757751, 0.0,
			 0.6548618674278259, -0.6106656193733215, 0.4452453553676605, 0.0,
			 -74.14773559570312, -1.5844659805297852, 0.6477233171463013, 1.0}
		}
	}
}

CameraNode $node64
{
	Name {string {"Camera.002"}}
	ObjectRef {ref {$camera5}}

	Transform
	{
		float[16]
		{
			{0.6858805418014526, 0.7276337742805481, -0.010816780850291252, 0.0,
			 -0.31737011671066284, 0.31246861815452576, 0.8953432440757751, 0.0,
			 0.6548618674278259, -0.6106656193733215, 0.4452453553676605, 0.0,
			 -48.08759689331055, -1.761527180671692, 0.6368323564529419, 1.0}
		}
	}
}

LightNode $node65
{
	Name {string {"Lamp.001"}}
	ObjectRef {ref {$light5}}

	Transform
	{
		float[16]
		{
			{-0.29086464643478394, 0.9551711678504944, -0.05518905818462372, 0.0,
			 -0.7711008191108704, -0.1998833566904068, 0.6045247316360474, 0.0,
			 0.5663931965827942, 0.21839119493961334, 0.7946722507476807, 0.0,
			 -51.49248504638672, 5.7515668869018555, 1.1970292329788208, 1.0}
		}
	}
}

GeometryNode $node66
{
	Name {string {"Rails.023"}}
	ObjectRef {ref {$geometry56}}
	MaterialRef (index = 0) {ref {$material1}}

	Transform
	{
		float[16]
		{
			{-1.0, -8.742277657347586e-08, 0.0, 0.0,
			 8.742277657347586e-08, -1.0, -1.6292067073209182e-07, 0.0,
			 1.4242977592693676e-14, -1.6292067073209182e-07, 1.0, 0.0,
			 -49.03073501586914, -0.9307724833488464, 1.5777446031570435, 1.0}
		}
	}
}

GeometryNode $node67
{
	Name {string {"Rails.022"}}
	ObjectRef {ref {$geometry57}}
	MaterialRef (index = 0) {ref {$material1}}

	Transform
	{
		float[16]
		{
			{-1.0, -8.742277657347586e-08, 0.0, 0.0,
			 8.742277657347586e-08, -1.0, -1.6292067073209182e-07, 0.0,
			 1.4242977592693676e-14, -1.6292067073209182e-07, 1.0, 0.0,
			 -49.01625442504883, -0.9334422945976257, 1.5901671648025513, 1.0}
		}
	}
}

GeometryNode $node68
{
	Name {string {"Rails.021"}}
	ObjectRef {ref {$geometry58}}
	MaterialRef (index = 0) {ref {$material1}}

	Transform
	{
		float[16]
		{
			{-1.0, -8.742277657347586e-08, 0.0, 0.0,
			 8.742277657347586e-08, -1.0, -1.6292067073209182e-07, 0.0,
			 1.4242977592693676e-14, -1.6292067073209182e-07, 1.0, 0.0,
			 -36.16193389892578, -0.22504538297653198, 2.515655279159546, 1.0}
		}
	}
}

GeometryNode $node69
{
	Name {string {"Rails.020"}}
	ObjectRef {ref {$geometry59}}
	MaterialRef (index = 0) {ref {$material1}}

	Transform
	{
		float[16]
		{
			{-1.0, -8.742277657347586e-08, 0.0, 0.0,
			 8.742277657347586e-08, -1.0, -1.6292067073209182e-07, 0.0,
			 1.4242977592693676e-14, -1.6292067073209182e-07, 1.0, 0.0,
			 -39.45026779174805, -0.21994322538375854, 2.5200955867767334, 1.0}
		}
	}
}

GeometryNode $node70
{
	Name {string {"Rails.019"}}
	ObjectRef {ref {$geometry60}}
	MaterialRef (index = 0) {ref {$material1}}

	Transform
	{
		float[16]
		{
			{-1.0, -8.742277657347586e-08, 0.0, 0.0,
			 8.742277657347586e-08, -1.0, -1.6292067073209182e-07, 0.0,
			 1.4242977592693676e-14, -1.6292067073209182e-07, 1.0, 0.0,
			 -39.441097259521484, -0.2222387194633484, 2.501446485519409, 1.0}
		}
	}
}

GeometryNode $node71
{
	Name {string {"Rails.018"}}
	ObjectRef {ref {$geometry61}}
	MaterialRef (index = 0) {ref {$material1}}

	Transform
	{
		float[16]
		{
			{-1.0, -8.742277657347586e-08, 0.0, 0.0,
			 8.742277657347586e-08, -1.0, -1.6292067073209182e-07, 0.0,
			 1.4242977592693676e-14, -1.6292067073209182e-07, 1.0, 0.0,
			 -42.4241828918457, -1.5835076570510864, 2.355583906173706, 1.0}
		}
	}
}

GeometryNode $node72
{
	Name {string {"Rails.017"}}
	ObjectRef {ref {$geometry62}}
	MaterialRef (index = 0) {ref {$material1}}

	Transform
	{
		float[16]
		{
			{-1.0, -8.742277657347586e-08, 0.0, 0.0,
			 8.742277657347586e-08, -1.0, -1.6292067073209182e-07, 0.0,
			 1.4242977592693676e-14, -1.6292067073209182e-07, 1.0, 0.0,
			 -45.617496490478516, -1.3908582925796509, 2.000560998916626, 1.0}
		}
	}
}

GeometryNode $node73
{
	Name {string {"Rails.016"}}
	ObjectRef {ref {$geometry63}}
	MaterialRef (index = 0) {ref {$material1}}

	Transform
	{
		float[16]
		{
			{-1.0, -8.742277657347586e-08, 0.0, 0.0,
			 8.742277657347586e-08, -1.0, -1.6292067073209182e-07, 0.0,
			 1.4242977592693676e-14, -1.6292067073209182e-07, 1.0, 0.0,
			 -49.03073501586914, -0.9307724833488464, 1.5777446031570435, 1.0}
		}
	}
}

CameraNode $node74
{
	Name {string {"Camera.001"}}
	ObjectRef {ref {$camera6}}

	Transform
	{
		float[16]
		{
			{0.6858805418014526, 0.7276337742805481, -0.010816780850291252, 0.0,
			 -0.31737011671066284, 0.31246861815452576, 0.8953432440757751, 0.0,
			 0.6548618674278259, -0.6106656193733215, 0.4452453553676605, 0.0,
			 10.95869255065918, -10.903273582458496, 10.079662322998047, 1.0}
		}
	}
}

GeometryNode $node75
{
	Name {string {"Rails.015"}}
	ObjectRef {ref {$geometry64}}
	MaterialRef (index = 0) {ref {$material1}}

	Transform
	{
		float[16]
		{
			{-1.0, -8.742277657347586e-08, 0.0, 0.0,
			 8.742277657347586e-08, -1.0, -1.6292067073209182e-07, 0.0,
			 1.4242977592693676e-14, -1.6292067073209182e-07, 1.0, 0.0,
			 -22.986690521240234, -1.1053084135055542, 1.5633010864257812, 1.0}
		}
	}
}

GeometryNode $node76
{
	Name {string {"Rails.014"}}
	ObjectRef {ref {$geometry65}}
	MaterialRef (index = 0) {ref {$material1}}

	Transform
	{
		float[16]
		{
			{-1.0, -8.742277657347586e-08, 0.0, 0.0,
			 8.742277657347586e-08, -1.0, -1.6292067073209182e-07, 0.0,
			 1.4242977592693676e-14, -1.6292067073209182e-07, 1.0, 0.0,
			 -19.573453903198242, -1.5653942823410034, 1.9861173629760742, 1.0}
		}
	}
}

GeometryNode $node77
{
	Name {string {"Rails.013"}}
	ObjectRef {ref {$geometry66}}
	MaterialRef (index = 0) {ref {$material1}}

	Transform
	{
		float[16]
		{
			{-1.0, -8.742277657347586e-08, 0.0, 0.0,
			 8.742277657347586e-08, -1.0, -1.6292067073209182e-07, 0.0,
			 1.4242977592693676e-14, -1.6292067073209182e-07, 1.0, 0.0,
			 -16.38014030456543, -1.758043646812439, 2.3411402702331543, 1.0}
		}
	}
}

GeometryNode $node78
{
	Name {string {"Rails.012"}}
	ObjectRef {ref {$geometry67}}
	MaterialRef (index = 0) {ref {$material1}}

	Transform
	{
		float[16]
		{
			{-1.0, -8.742277657347586e-08, 0.0, 0.0,
			 8.742277657347586e-08, -1.0, -1.6292067073209182e-07, 0.0,
			 1.4242977592693676e-14, -1.6292067073209182e-07, 1.0, 0.0,
			 -13.397054672241211, -0.39677461981773376, 2.4870028495788574, 1.0}
		}
	}
}

GeometryNode $node79
{
	Name {string {"Rails.011"}}
	ObjectRef {ref {$geometry68}}
	MaterialRef (index = 0) {ref {$material1}}

	Transform
	{
		float[16]
		{
			{-1.0, -8.742277657347586e-08, 0.0, 0.0,
			 8.742277657347586e-08, -1.0, -1.6292067073209182e-07, 0.0,
			 1.4242977592693676e-14, -1.6292067073209182e-07, 1.0, 0.0,
			 -13.40622329711914, -0.3944791257381439, 2.5056519508361816, 1.0}
		}
	}
}

GeometryNode $node80
{
	Name {string {"Rails.010"}}
	ObjectRef {ref {$geometry69}}
	MaterialRef (index = 0) {ref {$material1}}

	Transform
	{
		float[16]
		{
			{-1.0, -8.742277657347586e-08, 0.0, 0.0,
			 8.742277657347586e-08, -1.0, -1.6292067073209182e-07, 0.0,
			 1.4242977592693676e-14, -1.6292067073209182e-07, 1.0, 0.0,
			 -10.117891311645508, -0.39958128333091736, 2.501211643218994, 1.0}
		}
	}
}

GeometryNode $node81
{
	Name {string {"Rails.009"}}
	ObjectRef {ref {$geometry70}}
	MaterialRef (index = 0) {ref {$material1}}

	Transform
	{
		float[16]
		{
			{-1.0, -8.742277657347586e-08, 0.0, 0.0,
			 8.742277657347586e-08, -1.0, -1.6292067073209182e-07, 0.0,
			 1.4242977592693676e-14, -1.6292067073209182e-07, 1.0, 0.0,
			 -22.972213745117188, -1.1079782247543335, 1.575723648071289, 1.0}
		}
	}
}

GeometryNode $node82
{
	Name {string {"Rails.008"}}
	ObjectRef {ref {$geometry71}}
	MaterialRef (index = 0) {ref {$material1}}

	Transform
	{
		float[16]
		{
			{-1.0, -8.742277657347586e-08, 0.0, 0.0,
			 8.742277657347586e-08, -1.0, -1.6292067073209182e-07, 0.0,
			 1.4242977592693676e-14, -1.6292067073209182e-07, 1.0, 0.0,
			 -22.986690521240234, -1.1053084135055542, 1.5633010864257812, 1.0}
		}
	}
}

GeometryNode $node83
{
	Name {string {"Rails.007"}}
	ObjectRef {ref {$geometry72}}
	MaterialRef (index = 0) {ref {$material1}}

	Transform
	{
		float[16]
		{
			{-1.0, -8.742277657347586e-08, 0.0, 0.0,
			 8.742277657347586e-08, -1.0, -1.6292067073209182e-07, 0.0,
			 1.4242977592693676e-14, -1.6292067073209182e-07, 1.0, 0.0,
			 3.0604360103607178, -1.2812514305114746, 1.5485799312591553, 1.0}
		}
	}
}

GeometryNode $node84
{
	Name {string {"Rails.001"}}
	ObjectRef {ref {$geometry73}}
	MaterialRef (index = 0) {ref {$material1}}

	Transform
	{
		float[16]
		{
			{-1.0, -8.742277657347586e-08, 0.0, 0.0,
			 8.742277657347586e-08, -1.0, -1.6292067073209182e-07, 0.0,
			 1.4242977592693676e-14, -1.6292067073209182e-07, 1.0, 0.0,
			 3.0749127864837646, -1.283921241760254, 1.5610020160675049, 1.0}
		}
	}
}

GeometryNode $node85
{
	Name {string {"Rails.006"}}
	ObjectRef {ref {$geometry74}}
	MaterialRef (index = 0) {ref {$material1}}

	Transform
	{
		float[16]
		{
			{-1.0, -8.742277657347586e-08, 0.0, 0.0,
			 8.742277657347586e-08, -1.0, -1.6292067073209182e-07, 0.0,
			 1.4242977592693676e-14, -1.6292067073209182e-07, 1.0, 0.0,
			 15.929235458374023, -0.575524091720581, 2.486490249633789, 1.0}
		}
	}
}

GeometryNode $node86
{
	Name {string {"Rails.005"}}
	ObjectRef {ref {$geometry75}}
	MaterialRef (index = 0) {ref {$material1}}

	Transform
	{
		float[16]
		{
			{-1.0, -8.742277657347586e-08, 0.0, 0.0,
			 8.742277657347586e-08, -1.0, -1.6292067073209182e-07, 0.0,
			 1.4242977592693676e-14, -1.6292067073209182e-07, 1.0, 0.0,
			 12.64090347290039, -0.5704221129417419, 2.4909305572509766, 1.0}
		}
	}
}

GeometryNode $node87
{
	Name {string {"Rails.000"}}
	ObjectRef {ref {$geometry76}}
	MaterialRef (index = 0) {ref {$material1}}

	Transform
	{
		float[16]
		{
			{-1.0, -8.742277657347586e-08, 0.0, 0.0,
			 8.742277657347586e-08, -1.0, -1.6292067073209182e-07, 0.0,
			 1.4242977592693676e-14, -1.6292067073209182e-07, 1.0, 0.0,
			 12.65007209777832, -0.5727179050445557, 2.4722814559936523, 1.0}
		}
	}
}

GeometryNode $node88
{
	Name {string {"Rails.004"}}
	ObjectRef {ref {$geometry77}}
	MaterialRef (index = 0) {ref {$material1}}

	Transform
	{
		float[16]
		{
			{-1.0, -8.742277657347586e-08, 0.0, 0.0,
			 8.742277657347586e-08, -1.0, -1.6292067073209182e-07, 0.0,
			 1.4242977592693676e-14, -1.6292067073209182e-07, 1.0, 0.0,
			 9.666986465454102, -1.9339866638183594, 2.326418876647949, 1.0}
		}
	}
}

GeometryNode $node89
{
	Name {string {"Rails.003"}}
	ObjectRef {ref {$geometry78}}
	MaterialRef (index = 0) {ref {$material1}}

	Transform
	{
		float[16]
		{
			{-1.0, -8.742277657347586e-08, 0.0, 0.0,
			 8.742277657347586e-08, -1.0, -1.6292067073209182e-07, 0.0,
			 1.4242977592693676e-14, -1.6292067073209182e-07, 1.0, 0.0,
			 6.473670959472656, -1.7413372993469238, 1.9713959693908691, 1.0}
		}
	}
}

GeometryNode $node90
{
	Name {string {"Rails.002"}}
	ObjectRef {ref {$geometry79}}
	MaterialRef (index = 0) {ref {$material1}}

	Transform
	{
		float[16]
		{
			{-1.0, -8.742277657347586e-08, 0.0, 0.0,
			 8.742277657347586e-08, -1.0, -1.6292067073209182e-07, 0.0,
			 1.4242977592693676e-14, -1.6292067073209182e-07, 1.0, 0.0,
			 3.0604360103607178, -1.2812514305114746, 1.5485799312591553, 1.0}
		}
	}
}

GeometryNode $node91
{
	Name {string {"Plane"}}
	ObjectRef {ref {$geometry80}}
	MaterialRef (index = 0) {ref {$material2}}

	Transform
	{
		float[16]
		{
			{74.08811950683594, 0.0, 0.0, 0.0,
			 0.0, 7.687301158905029, 0.0, 0.0,
			 0.0, 0.0, 1.0, 0.0,
			 1.190751075744629, -0.20931300520896912, 0.8349702954292297, 1.0}
		}
	}
}

LightNode $node92
{
	Name {string {"Lamp"}}
	ObjectRef {ref {$light6}}

	Transform
	{
		float[16]
		{
			{-0.29086464643478394, 0.9551711678504944, -0.05518905818462372, 0.0,
			 -0.7711008191108704, -0.1998833566904068, 0.6045247316360474, 0.0,
			 0.5663931965827942, 0.21839119493961334, 0.7946722507476807, 0.0,
			 -25.448442459106445, 5.577030658721924, 1.1825857162475586, 1.0}
		}
	}
}

CameraNode $node93
{
	Name {string {"Camera"}}
	ObjectRef {ref {$camera7}}

	Transform
	{
		float[16]
		{
			{0.6858805418014526, 0.7276337742805481, -0.010816780850291252, 0.0,
			 -0.31737011671066284, 0.31246861815452576, 0.8953432440757751, 0.0,
			 0.6548618674278259, -0.6106656193733215, 0.4452453553676605, 0.0,
			 -22.043554306030273, -1.9360631704330444, 0.6223888397216797, 1.0}
		}
	}
}

GeometryObject $geometry58		// Rails.021
{
	Mesh (primitive = "triangles")
	{
		VertexArray (attrib = "position")
		{
			float[3]		// 180
			{
				{1.7082916498184204, -0.9185874462127686, -1.4507102966308594}, {1.7082616090774536, -0.9250071048736572, -1.4117584228515625}, {5.083193778991699, -0.947242259979248, -1.4117586612701416}, {5.083222389221191, -0.9408228397369385, -1.4507105350494385}, {5.082643032073975, -1.070572018623352, -1.4507105350494385}, {5.082673072814941, -1.0641523599624634, -1.4117586612701416}, {1.7077423334121704, -1.0419169664382935, -1.4117584228515625}, {1.7077122926712036, -1.0483366250991821, -1.4507102966308594},
				{1.7077423334121704, -1.0419169664382935, -1.5289592742919922}, {1.7082616090774536, -0.9250071048736572, -1.5289592742919922}, {5.083193778991699, -0.947242259979248, -1.5289592742919922}, {5.082673072814941, -1.0641523599624634, -1.5289592742919922}, {5.082673072814941, -1.0641523599624634, -1.5289592742919922}, {5.082775592803955, -1.0408645868301392, -1.4665796756744385}, {1.707844614982605, -1.0186296701431274, -1.4665796756744385}, {1.7077423334121704, -1.0419169664382935, -1.5289592742919922},
				{1.708159327507019, -0.9482958316802979, -1.4665796756744385}, {5.083089828491211, -0.9705309867858887, -1.4665796756744385}, {1.713045358657837, 0.14878708124160767, -1.4507102966308594}, {5.087976932525635, 0.12655192613601685, -1.4507105350494385}, {5.088005065917969, 0.13297134637832642, -1.4117586612701416}, {1.713073492050171, 0.15520650148391724, -1.4117584228515625}, {5.0885539054870605, 0.25630074739456177, -1.4507105350494385}, {1.7136216163635254, 0.2785361409187317, -1.4507102966308594},
